Tiempo(s),Crudo(m),Filtro_EMA(m),Kalman(m)
0.00,0.1087,0.1087,0.1077
0.05,0.1084,0.1086,0.1068
0.10,0.1084,0.1085,0.1055
0.15,0.1089,0.1087,0.1043
0.20,0.1085,0.1086,0.1030
0.25,0.1088,0.1086,0.1019
0.30,0.1088,0.1087,0.1009
0.35,0.1083,0.1086,0.0999
0.40,0.1080,0.1084,0.0990
0.45,0.1090,0.1086,0.0981
0.50,0.1086,0.1086,0.0975
0.55,0.1100,0.1090,0.0970
0.60,0.1089,0.1090,0.0964
0.65,0.1092,0.1091,0.0960
0.70,0.1083,0.1088,0.0956
0.75,0.1080,0.1086,0.0952
0.80,0.1084,0.1085,0.0949
0.85,0.1086,0.1086,0.0945
0.90,0.1087,0.1086,0.0943
0.95,0.1090,0.1087,0.0942
1.00,0.1087,0.1087,0.0939
1.05,0.1061,0.1079,0.0937
1.10,0.1070,0.1076,0.0934
1.15,0.1008,0.1056,0.0929
1.20,0.1032,0.1049,0.0924
1.25,0.0991,0.1031,0.0915
1.30,0.0953,0.1008,0.0906
1.35,0.1065,0.1025,0.0899
1.40,0.1031,0.1027,0.0968
1.45,0.1022,0.1025,0.1026
1.50,0.1081,0.1042,0.1077
1.55,0.1094,0.1058,0.1122
1.60,0.1088,0.1067,0.1161
1.65,0.1088,0.1073,0.1195
1.70,0.1096,0.1080,0.1200
1.75,0.1089,0.1083,0.1200
1.80,0.1086,0.1084,0.1182
1.85,0.1093,0.1086,0.1167
1.90,0.1086,0.1086,0.1154
1.95,0.1084,0.1085,0.1120
2.00,0.1087,0.1086,0.1090
2.05,0.1084,0.1086,0.1065
2.10,0.1088,0.1086,0.1044
2.15,0.1086,0.1086,0.1026
2.20,0.1088,0.1087,0.1011
2.25,0.1082,0.1085,0.0998
2.30,0.1060,0.1078,0.0986
2.35,0.1088,0.1081,0.0976
2.40,0.1079,0.1080,0.0968
2.45,0.1089,0.1083,0.0962
2.50,0.1092,0.1086,0.0957
2.55,0.1061,0.1078,0.0951
2.60,0.1083,0.1080,0.0947
2.65,0.1032,0.1065,0.0941
2.70,0.1006,0.1047,0.0933
2.75,0.1016,0.1038,0.0925
2.80,0.0962,0.1015,0.0915
2.85,0.0932,0.0990,0.0902
2.90,0.0975,0.0986,0.0891
2.95,0.0974,0.0982,0.0954
3.00,0.1020,0.0994,0.1009
3.05,0.1088,0.1022,0.1059
3.10,0.1085,0.1041,0.1104
3.15,0.1082,0.1053,0.1144
3.20,0.1074,0.1059,0.1178
3.25,0.1084,0.1067,0.1200
3.30,0.1088,0.1073,0.1200
3.35,0.1083,0.1076,0.1180
3.40,0.1086,0.1079,0.1165
3.45,0.1081,0.1080,0.1152
3.50,0.1083,0.1081,0.1116
3.55,0.1080,0.1080,0.1087
3.60,0.1084,0.1081,0.1061
3.65,0.1088,0.1083,0.1040
3.70,0.1090,0.1085,0.1023
3.75,0.1082,0.1084,0.1008
3.80,0.1085,0.1085,0.0996
3.85,0.1088,0.1085,0.0985
3.90,0.1089,0.1086,0.0976
3.95,0.1085,0.1086,0.0970
4.00,0.1086,0.1086,0.0963
4.05,0.1097,0.1089,0.0958
4.10,0.1080,0.1086,0.0954
4.15,0.1090,0.1087,0.0950
4.20,0.1084,0.1086,0.0947
4.25,0.1087,0.1086,0.0944
4.30,0.1088,0.1087,0.0942
4.35,0.1083,0.1086,0.0941
4.40,0.1087,0.1086,0.0938
4.45,0.1089,0.1087,0.0937
4.50,0.1086,0.1087,0.0936
4.55,0.1089,0.1087,0.0935
4.60,0.1092,0.1089,0.0935
4.65,0.1086,0.1088,0.0934
4.70,0.1085,0.1087,0.0934
4.75,0.1089,0.1087,0.0933
4.80,0.1083,0.1086,0.0932
4.85,0.1084,0.1085,0.0932
4.90,0.1088,0.1086,0.0931
4.95,0.1091,0.1088,0.0932
5.00,0.1082,0.1086,0.0931
5.05,0.1081,0.1084,0.0930
5.10,0.1083,0.1084,0.0930
5.15,0.1086,0.1085,0.0930
5.20,0.1084,0.1084,0.0929
5.25,0.1089,0.1086,0.0929
5.30,0.1086,0.1086,0.0929
5.35,0.1082,0.1085,0.0929
5.40,0.1090,0.1086,0.0929
5.45,0.1085,0.1086,0.0929
5.50,0.1080,0.1084,0.0929
5.55,0.1083,0.1084,0.0929
5.60,0.1068,0.1079,0.0927
5.65,0.1090,0.1083,0.0928
5.70,0.1085,0.1083,0.0928
5.75,0.1089,0.1085,0.0927
5.80,0.1076,0.1082,0.0927
5.85,0.1081,0.1082,0.0926
5.90,0.1091,0.1085,0.0927
5.95,0.1082,0.1084,0.0928
6.00,0.1092,0.1086,0.0927
6.05,0.1077,0.1084,0.0928
6.10,0.1080,0.1082,0.0927
6.15,0.1081,0.1082,0.0927
6.20,0.1092,0.1085,0.0928
6.25,0.1085,0.1085,0.0927
6.30,0.1088,0.1086,0.0928
6.35,0.1089,0.1087,0.0928
6.40,0.1081,0.1085,0.0928
6.45,0.1084,0.1085,0.0928
6.50,0.1088,0.1086,0.0928
6.55,0.1085,0.1085,0.0928
6.60,0.1084,0.1085,0.0928
6.65,0.1076,0.1082,0.0928
6.70,0.1085,0.1083,0.0928
6.75,0.1089,0.1085,0.0927
6.80,0.1087,0.1085,0.0928
6.85,0.1084,0.1085,0.0928
6.90,0.1085,0.1085,0.0928
6.95,0.1077,0.1083,0.0928
7.00,0.1090,0.1085,0.0928
7.05,0.1086,0.1085,0.0928
7.10,0.1087,0.1086,0.0928
7.15,0.1082,0.1085,0.0928
7.20,0.1086,0.1085,0.0928
7.25,0.1096,0.1088,0.0929
7.30,0.1087,0.1088,0.0929
7.35,0.1079,0.1085,0.0929
7.40,0.1088,0.1086,0.0929
7.45,0.1082,0.1085,0.0929
7.50,0.1087,0.1086,0.0929
7.55,0.1087,0.1086,0.0929
7.60,0.1086,0.1086,0.0929
7.65,0.1087,0.1086,0.0929
7.70,0.1088,0.1087,0.0929
7.75,0.1090,0.1088,0.0930
7.80,0.1051,0.1077,0.0928
7.85,0.1025,0.1061,0.0925
7.90,0.0980,0.1037,0.0917
7.95,0.0984,0.1021,0.0909
8.00,0.0965,0.1004,0.0900
8.05,0.0887,0.0969,0.0886
8.10,0.0983,0.0973,0.0948
8.15,0.1030,0.0990,0.1004
8.20,0.1086,0.1019,0.1054
8.25,0.1081,0.1038,0.1100
8.30,0.1083,0.1051,0.1140
8.35,0.1084,0.1061,0.1175
8.40,0.1088,0.1069,0.1200
8.45,0.1085,0.1074,0.1200
8.50,0.1087,0.1078,0.1181
8.55,0.1081,0.1079,0.1165
8.60,0.1092,0.1083,0.1152
8.65,0.1089,0.1085,0.1118
8.70,0.1083,0.1084,0.1088
8.75,0.1085,0.1084,0.1063
8.80,0.1089,0.1086,0.1042
8.85,0.1086,0.1086,0.1024
8.90,0.1088,0.1086,0.1010
8.95,0.1084,0.1086,0.0997
9.00,0.1087,0.1086,0.0987
9.05,0.1073,0.1082,0.0977
9.10,0.1071,0.1079,0.0968
9.15,0.1056,0.1072,0.0961
9.20,0.1044,0.1064,0.0952
9.25,0.1087,0.1071,0.0946
9.30,0.1094,0.1078,0.0942
9.35,0.1081,0.1079,0.0939
9.40,0.1079,0.1079,0.0937
9.45,0.1051,0.1071,0.0933
9.50,0.1050,0.1065,0.0929
9.55,0.1027,0.1053,0.0925
9.60,0.1022,0.1044,0.0918
9.65,0.1017,0.1036,0.0912
9.70,0.1026,0.1033,0.0907
9.75,0.1091,0.1050,0.0905
9.80,0.0990,0.1032,0.0900
9.85,0.0957,0.1010,0.0892
9.90,0.0978,0.1000,0.0958
9.95,0.1008,0.1003,0.1014
10.00,0.1043,0.1015,0.1062
10.05,0.1054,0.1027,0.1105
10.10,0.1078,0.1042,0.1143
10.15,0.1084,0.1055,0.1176
10.20,0.1055,0.1055,0.1200
10.25,0.1088,0.1065,0.1200
10.30,0.1091,0.1073,0.1180
10.35,0.1081,0.1075,0.1164
10.40,0.1090,0.1080,0.1151
10.45,0.1093,0.1084,0.1116
10.50,0.1080,0.1083,0.1086
10.55,0.1086,0.1084,0.1062
10.60,0.1093,0.1086,0.1041
10.65,0.1087,0.1086,0.1024
10.70,0.1082,0.1085,0.1009
10.75,0.1089,0.1086,0.0996
10.80,0.1085,0.1086,0.0986
10.85,0.1028,0.1069,0.0975
10.90,0.1015,0.1052,0.0962
10.95,0.0992,0.1034,0.0950
11.00,0.1090,0.1051,0.0940
11.05,0.0898,0.1005,0.0926
11.10,0.0994,0.1002,0.0987
11.15,0.1027,0.1009,0.1038
11.20,0.1085,0.1032,0.1086
11.25,0.1043,0.1035,0.1126
11.30,0.1089,0.1051,0.1162
11.35,0.1079,0.1060,0.1193
11.40,0.1087,0.1068,0.1200
11.45,0.1086,0.1073,0.1200
11.50,0.1088,0.1078,0.1180
11.55,0.1091,0.1081,0.1165
11.60,0.1086,0.1083,0.1152
11.65,0.1080,0.1082,0.1117
11.70,0.1089,0.1084,0.1088
11.75,0.1085,0.1084,0.1063
11.80,0.1086,0.1085,0.1042
11.85,0.1083,0.1084,0.1024
11.90,0.1084,0.1084,0.1009
11.95,0.1087,0.1085,0.0997
12.00,0.1084,0.1085,0.0986
12.05,0.1081,0.1084,0.0976
12.10,0.1084,0.1084,0.0969
12.15,0.1088,0.1085,0.0963
12.20,0.1087,0.1085,0.0957
12.25,0.1090,0.1087,0.0954
12.30,0.1093,0.1089,0.0950
12.35,0.1093,0.1090,0.0947
12.40,0.1086,0.1089,0.0945
12.45,0.1077,0.1085,0.0942
12.50,0.1083,0.1084,0.0940
12.55,0.1053,0.1075,0.0936
12.60,0.1064,0.1072,0.0933
12.65,0.1084,0.1075,0.0931
12.70,0.1043,0.1066,0.0928
12.75,0.1006,0.1048,0.0922
12.80,0.0985,0.1029,0.0914
12.85,0.1002,0.1021,0.0906
12.90,0.0967,0.1005,0.0898
12.95,0.0980,0.0997,0.0961
13.00,0.1020,0.1004,0.1017
13.05,0.1061,0.1021,0.1066
13.10,0.1087,0.1041,0.1110
13.15,0.1081,0.1053,0.1149
13.20,0.1087,0.1063,0.1183
13.25,0.1086,0.1070,0.1200
13.30,0.1090,0.1076,0.1200
13.35,0.1093,0.1081,0.1182
13.40,0.1089,0.1083,0.1166
13.45,0.1085,0.1084,0.1154
13.50,0.1082,0.1083,0.1118
13.55,0.1091,0.1086,0.1089
13.60,0.1089,0.1087,0.1064
13.65,0.1084,0.1086,0.1043
13.70,0.1088,0.1086,0.1026
13.75,0.1094,0.1089,0.1011
13.80,0.1091,0.1089,0.0999
13.85,0.1045,0.1076,0.0986
13.90,0.1022,0.1060,0.0974
13.95,0.0955,0.1028,0.0958
14.00,0.0863,0.0979,0.0936
14.05,0.1024,0.0992,0.0994
14.10,0.1080,0.1019,0.1047
14.15,0.1088,0.1039,0.1093
14.20,0.1077,0.1051,0.1135
14.25,0.1088,0.1062,0.1171
14.30,0.1080,0.1067,0.1200
14.35,0.1085,0.1073,0.1200
14.40,0.1090,0.1078,0.1200
14.45,0.1085,0.1080,0.1181
14.50,0.1090,0.1083,0.1166
14.55,0.1087,0.1084,0.1153
14.60,0.1083,0.1084,0.1118
14.65,0.1081,0.1083,0.1088
14.70,0.1080,0.1082,0.1063
14.75,0.1079,0.1081,0.1042
14.80,0.1087,0.1083,0.1024
14.85,0.1084,0.1083,0.1008
14.90,0.1089,0.1085,0.0996
14.95,0.1089,0.1086,0.0986
15.00,0.1091,0.1088,0.0977
15.05,0.1088,0.1088,0.0970
15.10,0.1078,0.1085,0.0963
15.15,0.1091,0.1087,0.0959
15.20,0.1086,0.1087,0.0954
15.25,0.1082,0.1085,0.0950
15.30,0.1084,0.1085,0.0946
15.35,0.1085,0.1085,0.0944
15.40,0.1099,0.1089,0.0942
15.45,0.1080,0.1087,0.0940
15.50,0.1089,0.1087,0.0939
15.55,0.1091,0.1088,0.0937
15.60,0.1088,0.1088,0.0936
15.65,0.1088,0.1088,0.0936
15.70,0.1078,0.1085,0.0935
15.75,0.1085,0.1085,0.0934
15.80,0.1090,0.1087,0.0933
15.85,0.1090,0.1088,0.0933
15.90,0.1089,0.1088,0.0933
15.95,0.1077,0.1085,0.0932
16.00,0.1082,0.1084,0.0931
16.05,0.1092,0.1086,0.0931
16.10,0.1080,0.1084,0.0931
16.15,0.1082,0.1084,0.0930
16.20,0.1081,0.1083,0.0929
16.25,0.1074,0.1080,0.0928
16.30,0.1089,0.1083,0.0928
16.35,0.1085,0.1083,0.0928
16.40,0.1090,0.1085,0.0928
16.45,0.1086,0.1085,0.0928
16.50,0.1084,0.1085,0.0928
16.55,0.1087,0.1086,0.0929
16.60,0.1077,0.1083,0.0928
16.65,0.1071,0.1079,0.0927
16.70,0.1088,0.1082,0.0927
16.75,0.1085,0.1083,0.0927
16.80,0.1080,0.1082,0.0927
16.85,0.1090,0.1085,0.0927
16.90,0.1089,0.1086,0.0927
16.95,0.1089,0.1087,0.0927
17.00,0.1083,0.1086,0.0928
17.05,0.1088,0.1086,0.0928
17.10,0.1088,0.1087,0.0928
17.15,0.1097,0.1090,0.0929
17.20,0.1093,0.1091,0.0930
17.25,0.1081,0.1088,0.0930
17.30,0.1089,0.1088,0.0930
17.35,0.1086,0.1088,0.0930
17.40,0.1089,0.1088,0.0930
17.45,0.1084,0.1087,0.0931
17.50,0.1086,0.1087,0.0931
17.55,0.1088,0.1087,0.0930
17.60,0.1084,0.1086,0.0930
17.65,0.1089,0.1087,0.0930
17.70,0.1080,0.1085,0.0930
17.75,0.1088,0.1086,0.0930
17.80,0.1089,0.1087,0.0930
17.85,0.1083,0.1086,0.0930
17.90,0.1085,0.1085,0.0930
17.95,0.1085,0.1085,0.0929
18.00,0.1084,0.1085,0.0929
18.05,0.1090,0.1086,0.0929
18.10,0.1079,0.1084,0.0929
18.15,0.1083,0.1084,0.0929
18.20,0.1089,0.1085,0.0929
18.25,0.1084,0.1085,0.0929
18.30,0.1093,0.1087,0.0929
18.35,0.1092,0.1089,0.0929
18.40,0.1074,0.1084,0.0929
18.45,0.1048,0.1073,0.0927
18.50,0.1026,0.1059,0.0923
18.55,0.1025,0.1049,0.0918
18.60,0.1013,0.1038,0.0913
18.65,0.0997,0.1026,0.0906
18.70,0.0976,0.1011,0.0898
18.75,0.1014,0.1012,0.0964
18.80,0.1034,0.1018,0.1021
18.85,0.1072,0.1035,0.1072
18.90,0.1085,0.1050,0.1117
18.95,0.1090,0.1062,0.1156
19.00,0.1089,0.1070,0.1190
19.05,0.1090,0.1076,0.1200
19.10,0.1090,0.1080,0.1200
19.15,0.1089,0.1083,0.1181
19.20,0.1084,0.1083,0.1166
19.25,0.1087,0.1084,0.1154
19.30,0.1091,0.1086,0.1119
19.35,0.1089,0.1087,0.1089
19.40,0.1091,0.1088,0.1065
19.45,0.1091,0.1089,0.1044
19.50,0.1092,0.1090,0.1027
19.55,0.1087,0.1089,0.1012
19.60,0.1081,0.1087,0.0999
19.65,0.1084,0.1086,0.0989
19.70,0.1086,0.1086,0.0979
19.75,0.1092,0.1088,0.0972
19.80,0.1088,0.1088,0.0965
19.85,0.1094,0.1090,0.0960
19.90,0.1092,0.1090,0.0957
19.95,0.1090,0.1090,0.0953
20.00,0.1085,0.1089,0.0950
20.05,0.1087,0.1088,0.0947
20.10,0.1089,0.1088,0.0944
20.15,0.1092,0.1089,0.0943
20.20,0.1083,0.1087,0.0941
20.25,0.1075,0.1084,0.0939
20.30,0.1067,0.1079,0.0936
20.35,0.1048,0.1069,0.0932
20.40,0.1026,0.1056,0.0927
20.45,0.1029,0.1048,0.0922
20.50,0.1009,0.1037,0.0915
20.55,0.1008,0.1028,0.0909
20.60,0.0989,0.1016,0.0900
20.65,0.0972,0.1003,0.0892
20.70,0.0996,0.1001,0.0958
20.75,0.1019,0.1006,0.1014
20.80,0.1039,0.1016,0.1063
20.85,0.1084,0.1037,0.1107
20.90,0.1085,0.1051,0.1146
20.95,0.1093,0.1064,0.1180
21.00,0.1080,0.1069,0.1200
21.05,0.1083,0.1073,0.1200
21.10,0.1087,0.1077,0.1180
21.15,0.1090,0.1081,0.1165
21.20,0.1090,0.1084,0.1153
21.25,0.1079,0.1082,0.1117
21.30,0.1082,0.1082,0.1088
21.35,0.1085,0.1083,0.1063
21.40,0.1087,0.1084,0.1041
21.45,0.1087,0.1085,0.1024
21.50,0.1095,0.1088,0.1009
21.55,0.1078,0.1085,0.0997
21.60,0.1080,0.1084,0.0986
21.65,0.1093,0.1086,0.0977
21.70,0.1085,0.1086,0.0970
21.75,0.1085,0.1086,0.0963
21.80,0.1078,0.1083,0.0958
21.85,0.1080,0.1082,0.0953
21.90,0.1088,0.1084,0.0948
21.95,0.1083,0.1084,0.0946
22.00,0.1086,0.1084,0.0943
22.05,0.1081,0.1083,0.0940
22.10,0.1086,0.1084,0.0939
22.15,0.1093,0.1087,0.0937
22.20,0.1081,0.1085,0.0936
22.25,0.1084,0.1085,0.0934
22.30,0.1090,0.1086,0.0934
22.35,0.1085,0.1086,0.0933
22.40,0.1086,0.1086,0.0932
22.45,0.1084,0.1085,0.0932
22.50,0.1087,0.1086,0.0932
22.55,0.1089,0.1087,0.0931
22.60,0.1095,0.1089,0.0932
22.65,0.1084,0.1088,0.0931
22.70,0.1088,0.1088,0.0931
22.75,0.1086,0.1087,0.0932
22.80,0.1088,0.1087,0.0931
22.85,0.1084,0.1086,0.0931
22.90,0.1090,0.1087,0.0930
22.95,0.1083,0.1086,0.0931
23.00,0.1084,0.1086,0.0931
23.05,0.1090,0.1087,0.0930
23.10,0.1077,0.1084,0.0930
23.15,0.1093,0.1087,0.0930
23.20,0.1085,0.1086,0.0930
23.25,0.1084,0.1085,0.0930
23.30,0.1086,0.1086,0.0929
23.35,0.1086,0.1086,0.0930
23.40,0.1087,0.1086,0.0930
23.45,0.1089,0.1087,0.0930
23.50,0.1092,0.1088,0.0930
23.55,0.1086,0.1088,0.0930
23.60,0.1092,0.1089,0.0931
23.65,0.1081,0.1087,0.0931
23.70,0.1087,0.1087,0.0930
23.75,0.1081,0.1085,0.0930
23.80,0.1087,0.1086,0.0929
23.85,0.1081,0.1084,0.0930
23.90,0.1093,0.1087,0.0930
23.95,0.1082,0.1085,0.0929
24.00,0.1087,0.1086,0.0930
24.05,0.1091,0.1087,0.0929
24.10,0.1081,0.1086,0.0930
24.15,0.1091,0.1087,0.0930
24.20,0.1081,0.1085,0.0929
24.25,0.1084,0.1085,0.0929
24.30,0.1086,0.1085,0.0929
24.35,0.1082,0.1084,0.0929
24.40,0.1081,0.1083,0.0929
24.45,0.1085,0.1084,0.0928
24.50,0.1086,0.1084,0.0928
24.55,0.1056,0.1076,0.0927
24.60,0.1023,0.1060,0.0924
24.65,0.1002,0.1042,0.0918
24.70,0.0994,0.1028,0.0910
24.75,0.0953,0.1006,0.0901
24.80,0.0915,0.0978,0.0888
24.85,0.0964,0.0974,0.0951
24.90,0.0989,0.0978,0.1003
24.95,0.1010,0.0988,0.1049
25.00,0.1016,0.0996,0.1089
25.05,0.1019,0.1003,0.1123
25.10,0.1056,0.1019,0.1154
25.15,0.1073,0.1035,0.1183
25.20,0.1093,0.1053,0.1200
25.25,0.1085,0.1063,0.1178
25.30,0.1083,0.1069,0.1161
25.35,0.1090,0.1075,0.1148
25.40,0.1087,0.1079,0.1113
25.45,0.1086,0.1081,0.1083
25.50,0.1084,0.1082,0.1059
25.55,0.1091,0.1084,0.1038
25.60,0.1087,0.1085,0.1021
25.65,0.1091,0.1087,0.1008
25.70,0.1083,0.1086,0.0995
25.75,0.1041,0.1072,0.0983
25.80,0.1015,0.1055,0.0969
25.85,0.0977,0.1032,0.0955
25.90,0.0948,0.1006,0.0939
25.95,0.0903,0.0975,0.0920
26.00,0.0825,0.0930,0.0897
26.05,0.0947,0.0935,0.0952
26.10,0.0975,0.0947,0.0999
26.15,0.1090,0.0990,0.1046
26.20,0.1083,0.1018,0.1090
26.25,0.1081,0.1037,0.1129
26.30,0.1071,0.1047,0.1164
26.35,0.1086,0.1059,0.1195
26.40,0.1087,0.1067,0.1200
26.45,0.1090,0.1074,0.1179
26.50,0.1088,0.1078,0.1164
26.55,0.1088,0.1081,0.1152
26.60,0.1086,0.1082,0.1116
26.65,0.1091,0.1085,0.1087
26.70,0.1081,0.1084,0.1062
26.75,0.1087,0.1085,0.1041
26.80,0.1084,0.1084,0.1024
26.85,0.1086,0.1085,0.1008
26.90,0.1085,0.1085,0.0996
26.95,0.1088,0.1086,0.0986
27.00,0.1086,0.1086,0.0977
27.05,0.1086,0.1086,0.0970
27.10,0.1082,0.1085,0.0963
27.15,0.1082,0.1084,0.0958
27.20,0.1065,0.1078,0.0952
27.25,0.1048,0.1069,0.0946
27.30,0.1024,0.1056,0.0939
27.35,0.1009,0.1042,0.0930
27.40,0.1025,0.1037,0.0922
27.45,0.0986,0.1022,0.0914
27.50,0.0943,0.0998,0.0902
27.55,0.0958,0.0986,0.0891
27.60,0.0959,0.0978,0.0954
27.65,0.1010,0.0988,0.1007
27.70,0.1038,0.1003,0.1055
27.75,0.1092,0.1030,0.1099
27.80,0.1088,0.1047,0.1139
27.85,0.1091,0.1060,0.1174
27.90,0.1086,0.1068,0.1200
27.95,0.1090,0.1075,0.1200
28.00,0.1086,0.1078,0.1180
28.05,0.1084,0.1080,0.1165
28.10,0.1083,0.1081,0.1152
28.15,0.1079,0.1080,0.1116
28.20,0.1087,0.1082,0.1087
28.25,0.1083,0.1083,0.1062
28.30,0.1082,0.1083,0.1040
28.35,0.1090,0.1085,0.1023
28.40,0.1089,0.1086,0.1008
28.45,0.1081,0.1084,0.0996
28.50,0.1084,0.1084,0.0986
28.55,0.1091,0.1086,0.0976
28.60,0.1090,0.1088,0.0970
28.65,0.1093,0.1089,0.0964
28.70,0.1066,0.1082,0.0958
28.75,0.1021,0.1064,0.0950
28.80,0.0997,0.1044,0.0940
28.85,0.0984,0.1026,0.0929
28.90,0.0923,0.0995,0.0915
28.95,0.0998,0.0996,0.0903
29.00,0.1007,0.0999,0.0894
29.05,0.0987,0.0996,0.0958
29.10,0.1017,0.1002,0.1014
29.15,0.1040,0.1013,0.1062
29.20,0.1081,0.1034,0.1106
29.25,0.1087,0.1050,0.1144
29.30,0.1087,0.1061,0.1179
29.35,0.1079,0.1066,0.1200
29.40,0.1083,0.1071,0.1200
29.45,0.1088,0.1076,0.1180
29.50,0.1084,0.1079,0.1165
29.55,0.1084,0.1080,0.1152
29.60,0.1090,0.1083,0.1117
29.65,0.1091,0.1086,0.1088
29.70,0.1081,0.1084,0.1062
29.75,0.1080,0.1083,0.1042
29.80,0.1088,0.1084,0.1024
29.85,0.1088,0.1085,0.1009
29.90,0.1080,0.1084,0.0996
29.95,0.1084,0.1084,0.0986